7.00294
9.32133
6.65258
3.09281
9.84272
9.12176
4.37403
9.016
9.76694
8.11948
7.22663
4.93809
9.15296
5.24969
4.62496
8.21469
5.05564
4.48229
8.73749
7.45584
9.96435
6.7207
2.45974
8.92532
9.73218
9.63823
8.65223
8.94086
8.9953
9.65863
6.3274
7.04731
8.6822
4.91185
9.97777
1.45696
6.70274
9.68432
9.96564
9.36578
7.00617
8.23856
4.28148
4.63727
7.84948
9.46425
9.74775
8.56341
5.64697
3.80384
9.12746
9.94754
3.56168
8.27639
4.36061
5.26088
7.07042
9.19692
8.6182
7.04241
5.37154
5.76941
7.05152
8.79252
